# see logistic regression vignette
# fitMH <- MCMClogit(HG ~ NV2 + PI2 + EH2, data=Endometrial,
#          mcmc=10000000, b0=0, B0=0.01)

# start time of Metropolis
t1.mh <- structure(1590779998.3822, class = c("POSIXct", "POSIXt"))

# end time of Metropolis
t2.mh <- structure(1590780152.52426, class = c("POSIXct", "POSIXt"))

# summary object
summMH <- structure(list(statistics = structure(c(3.21135627571453, 9.11339353185386,
                                                  -0.472299957971185, -2.1381286275038, 2.55849753596324, 5.09206614187644,
                                                  0.454015728501932, 0.593513849994583, 0.000809067960157239, 0.00161025270045557,
                                                  0.000143572379560673, 0.00018768555888384, 0.00268112051198949,
                                                  0.00536851346765479, 0.000641106649579574, 0.000874208419554272
), .Dim = c(4L, 4L), .Dimnames = list(c("(Intercept)", "NV2",
                                        "PI2", "EH2"), c("Mean", "SD", "Naive SE", "Time-series SE"))),
quantiles = structure(c(-0.345282625216038, 2.1064825672452,
                        -1.41316392632582, -3.40152341984033, 1.26754584675669, 5.22847322850175,
                        -0.766361667490332, -2.51517848447772, 2.72073767821223,
                        8.12581316128633, -0.454487588338478, -2.10035272877494,
                        4.68278538380224, 12.0408603074475, -0.15843193317335, -1.72219472837355,
                        9.33512127669943, 21.3189942200527, 0.366408415709632, -1.08151442721481
), .Dim = 4:5, .Dimnames = list(c("(Intercept)", "NV2", "PI2",
                                  "EH2"), c("2.5%", "25%", "50%", "75%", "97.5%"))), start = 1001,
end = 10001000, thin = 1, nchain = 1), class = "summary.mcmc")


